,date,order_id,lat,long,crime_60_days_1_km,crime_60_days_2_km,crime_60_days_5_km,crime_30_days_1_km,crime_30_days_2_km,crime_30_days_5_km,crime_7_days_1_km,crime_7_days_2_km,crime_7_days_5_km
0,2025-12-17,LN_484_2025.pdf,10.649593,-61.486339,2,2,0,2,5,7,1,2,3
0,2025-12-13,LN_483_2025.pdf,10.591257,-61.273293,-1,-1,2,0,0,3,-1,-1,-1
0,2025-09-25,LN_482_2025.pdf,10.400877,-61.467789,0,1,3,0,0,1,0,0,0
0,2025-08-22,LN_481_2025.pdf,10.485751,-61.413512,1,1,-6,1,1,3,0,0,0
0,2025-08-26,LN_464_2025.pdf,10.577296,-61.334333,0,0,-1,0,0,-2,0,0,0
0,2025-12-02,LN_463_2025.pdf,10.652609,-61.47751,1,2,-4,1,4,9,0,0,2
0,2025-12-01,LN_462_2025.pdf,10.225459,-61.628456,0,0,1,0,0,1,0,0,0
0,2025-08-22,LN_461_2025.pdf,10.664256,-61.490859,-6,-8,-3,-1,0,-3,0,0,0
0,2025-08-22,LN_460_2025.pdf,10.26771,-61.433096,0,0,2,0,0,0,0,0,0
0,2025-11-30,LN_455_2025.pdf,10.708521,-61.472497,0,-1,-6,0,-1,-2,0,0,0
0,2025-08-26,LN_454_2025.pdf,10.569936,-61.344095,0,0,-2,0,0,-2,0,0,-1
0,2025-10-26,LN_442_2025.pdf,"11.158396
",-60.778508,-1,-1,0,-1,-1,0,0,0,0
0,2025-10-26,LN_441_2025.pdf,11.18011,-60.732738,0,1,3,0,2,3,0,1,1
0,2025-11-19,LN_440_2025.pdf,10.591988,-61.134847,0,1,1,0,0,0,0,0,0
0,2025-11-19,LN_439_2025.pdf,10.601619,-61.130771,0,0,2,0,0,1,0,0,0
0,2025-11-19,LN_438_2025.pdf,10.584386,-61.123423,1,1,3,0,0,2,0,0,0
0,2025-11-05,LN_437_2025.pdf,10.656739,-61.433347,0,2,0,-1,1,-6,0,0,-2
0,2025-09-25,LN_436_2025.pdf,10.64529,-61.483291,0,-1,9,0,0,10,0,0,2
0,2025-08-29,LN_435_2025.pdf,10.671402,-61.495613,-3,-7,0,0,-1,0,0,0,1
0,2025-11-19,LN_434_2025.pdf,10.594423,-61.072937,0,1,2,0,1,2,0,0,0
0,2025-11-05,LN_433_2025.pdf,10.656739,-61.433347,0,2,0,-1,1,-6,0,0,-2
0,2025-11-05,LN_432_2025.pdf,10.65557,-61.436415,-2,1,0,-2,0,-6,0,0,-2
0,2025-11-12,LN_426_2025.pdf,10.696006,-61.552263,-1,1,-4,-1,0,0,-1,0,-1
0,2025-08-18,LN_425_2025.pdf,10.136397,-61.745761,0,0,0,0,0,0,0,0,0
0,2025-09-25,LN_423_2025.pdf,10.64564,-61.482907,-1,-1,9,0,0,10,0,0,2
0,2025-09-25,LN_422_2025.pdf,10.711358,-61.546947,-1,0,4,-1,-1,2,0,0,-1
0,2025-10-26,LN_406_2025.pdf,10.523397,-61.389709,4,5,5,1,2,2,0,0,0
0,2025-10-26,LN_405_2025.pdf,10.522633,-61.388142,5,5,5,2,2,2,0,0,0
0,2025-10-26,LN_404_2025.pdf,10.718018,-61.553444,0,1,-3,0,1,-2,0,0,0
0,2025-10-26,LN_403_2025.pdf,10.64889,-61.434262,-2,2,3,-2,-1,-1,0,0,0
0,2025-10-26,LN_402_2025.pdf,10.72403,-61.559274,1,-2,-2,1,-3,-2,0,0,0
0,2025-10-26,LN_401_2025.pdf,10.712465,-61.557876,1,2,-3,0,2,-2,0,0,0
0,2025-10-26,LN_400_2025.pdf,10.71409,-61.553329,1,2,-3,0,2,-2,0,0,0
0,2025-10-26,LN_399_2025.pdf,10.72529,-61.55819,1,-3,-3,1,-3,-3,0,0,0
0,2025-10-26,LN_398_2025.pdf,10.687139,-61.502022,0,0,-7,0,0,-5,0,0,0
0,2025-09-25,LN_397_2025.pdf,10.243368,-61.48431,0,-1,-1,0,0,1,0,0,1
0,2025-10-15,LN_396_2025.pdf,10.185183,-61.550883,0,0,-1,0,0,0,0,0,0
0,2025-09-15,LN_395_2025.pdf,10.166286,-61.521876,0,0,-2,0,0,0,0,0,0
0,2025-09-15,LN_394_2025.pdf,10.634972,-61.224467,1,2,0,0,1,3,0,0,0
0,2025-09-15,LN_393_2025.pdf,10.682935,-61.529976,0,0,8,0,0,6,0,0,1
0,2025-09-15,LN_392_2025.pdf,10.191501,-61.54976,0,-1,-2,0,0,-1,0,0,0
0,2025-10-15,LN_391_2025.pdf,10.166286,-61.521876,0,0,1,0,0,0,0,0,0
0,2025-10-04,LN_372_2025.pdf,10.587178,-61.148014,0,0,1,0,0,1,0,0,0
0,2025-08-25,LN_371_2025.pdf,10.163872,-61.45579,0,0,-3,0,0,0,0,0,0
0,2025-08-25,LN_370_2025.pdf,10.142115,-61.457189,0,-1,-3,0,0,0,0,0,0
0,2025-10-04,LN_365_2025.pdf,10.579137,-61.334192,1,1,3,0,0,3,0,0,1
0,2025-09-27,LN_364_2025.pdf,10.237032,-61.390362,0,0,2,0,0,3,0,0,0
0,2025-08-29,LN_363_2025.pdf,10.664276,-61.503581,-3,-2,-4,0,0,-1,0,0,0
0,2025-09-06,LN_362_2025.pdf,10.599402,-61.302084,-1,-2,1,0,0,2,0,0,0
0,2025-08-26,LN_361_2025.pdf,10.582523,-61.344063,0,0,-1,0,0,-2,0,0,-1
0,2025-09-25,LN_360_2025.pdf,10.712095,-61.538326,-1,-1,5,-1,-1,3,0,0,-1
0,2025-09-25,LN_359_2025.pdf,10.344037,-61.455301,-1,-1,-1,0,0,1,0,0,0
0,2025-09-25,LN_358_2025.pdf,10.708672,-61.548557,-1,0,4,-1,-1,2,0,0,-1
0,2025-09-19,LN_356_2025.pdf,10.213113,-61.60266,0,0,-1,0,0,-1,0,0,0
0,2025-09-18,LN_353_2025.pdf,10.664256,-61.490859,0,0,11,0,0,9,0,-1,-1
0,2025-09-06,LN_352_2025.pdf,10.52750504,-61.39521415,-1,1,-1,-1,0,1,0,1,1
0,2025-09-06,LN_349_2025.pdf,10.52750504,-61.39521415,-1,1,-1,-1,0,1,0,1,1
0,2025-09-06,LN_348_2025.pdf,10.459782,61.317932,0,0,0,0,0,0,0,0,0
0,2025-09-06,LN_347_2025.pdf,10.459782,61.317932,0,0,0,0,0,0,0,0,0
0,2025-09-06,LN_346_2025.pdf,10.527297,-61.39616,-1,1,-1,-1,0,1,0,1,1
0,2025-08-28,LN_345_2025.pdf,10.642994,-61.322726,0,-7,-6,0,-6,-6,0,-5,-5
0,2025-08-18,LN_344_2025.pdf,10.143717,-61.7006,0,0,0,0,0,0,0,0,0
0,2025-09-08,LN_343_2025.pdf,10.162729,-61.466562,0,0,-2,0,0,0,0,0,0
0,2025-09-08,LN_342_2025.pdf,10.164097,-61.46653,0,0,-2,0,0,0,0,0,0
0,2025-08-21,LN_341_2025.pdf,10.646595,-61.263551,0,-2,-2,0,-1,-2,0,0,0
0,2025-09-04,LN_339_2025.pdf,10.620429,-61.285176,0,-1,1,0,0,0,-1,-1,0
0,2025-08-19,LN_338_2025.pdf,10.652969,-61.186602,1,0,1,0,1,0,0,0,-1
0,2025-08-15,LN_337_2025.pdf,10.083457,-61.313024,0,0,-2,0,0,-2,0,0,-1
0,2025-08-18,LN_335_2025.pdf,10.201717,-61.631214,0,0,-1,0,0,0,0,0,0
0,2025-08-18,LN_334_2025.pdf,10.187915,-61.3524,0,0,-2,0,0,-1,0,0,0
0,2025-08-18,LN_333_2025.pdf,10.110974,-61.444988,0,0,-1,0,0,0,0,0,0
0,2025-08-15,LN_332_2025.pdf,10.736236,-61.566496,-1,3,4,0,-1,0,0,0,0
0,2025-08-25,LN_331_2025.pdf,10.734085,-61.554171,3,3,4,0,0,1,0,0,0
0,2025-08-22,LN_330_2025.pdf,10.651653,-61.267212,-1,-2,-3,0,-1,-2,0,0,0
0,2025-08-22,LN_329_2025.pdf,10.645086,-61.267302,0,-3,-2,0,-2,-2,0,0,0
0,2025-08-13,LN_328_2025.pdf,10.72286,-61.423246,0,0,-1,0,0,0,0,0,0
0,2025-08-22,LN_326_2025.pdf,10.662143,-61.46983,-2,-2,-4,0,-2,-5,0,0,0
0,2025-08-18,LN_325_2025.pdf,10.114022,-61.484579,0,0,-2,0,0,-1,0,0,0
0,2025-08-18,LN_324_2025.pdf,10.620429,-61.285176,2,0,-3,1,1,-3,0,0,-1
0,2025-08-20,LN_323_2025.pdf,10.172371,-61.546917,-1,-1,-2,-1,-1,-1,0,0,0
0,2025-08-20,LN_322_2025.pdf,10.179989,-61.547243,-1,-2,-1,-1,-1,0,0,0,0
0,2025-08-20,LN_321_2025.pdf,10.179989,-61.547243,-1,-2,-1,-1,-1,0,0,0,0
0,2025-08-20,LN_320_2025.pdf,10.12479,-61.436256,0,0,-1,0,0,0,0,0,0
0,2025-08-18,LN_319_2025.pdf,10.613843,-61.268859,0,2,-4,0,0,-3,0,0,-1
0,2025-08-18,LN_318_2025.pdf,10.646735,-61.456354,0,-2,-4,0,-3,-2,0,0,1
0,2025-08-18,LN_317_2025.pdf,10.620311,-61.282151,2,0,-3,1,0,-3,0,0,-1
0,2025-08-18,LN_316_2025.pdf,10.68127,-61.547997,-3,-5,-2,0,-1,0,0,-1,-1
0,2025-08-18,LN_315_2025.pdf,10.654993,-61.503215,1,-1,-6,0,-1,-3,0,0,-1
0,2025-08-15,LN_314_2025.pdf,10.083457,-61.313024,0,0,-2,0,0,-2,0,0,-1
0,2025-08-15,LN_313_2025.pdf,10.735611,-61.557068,3,3,4,-1,-1,0,0,0,0
0,2025-08-15,LN_312_2025.pdf,10.73214,-61.552983,3,3,3,-1,-1,0,0,0,0
0,2025-08-15,LN_311_2025.pdf,10.732535,-61.567569,-1,3,3,0,-1,0,0,0,0
0,2025-08-15,LN_310_2025.pdf,10.64823,-61.385824,0,-2,2,0,-1,0,0,0,1
0,2025-08-11,LN_309_2025.pdf,10.712095,-61.538326,1,1,-1,1,1,-2,0,0,0
0,2025-08-15,LN_303_2025.pdf,10.657871,-61.489299,-3,-10,-6,-2,-4,-7,0,0,-1
0,2025-08-15,LN_302_2025.pdf,10.106825,-61.28812,0,-1,-3,0,-1,-3,0,0,-1
0,2025-08-14,LN_301_2025.pdf,10.675684,-61.450044,0,0,-4,0,-1,-5,0,0,-1
0,2025-08-11,LN_300_2025.pdf,10.608159,-61.394576,0,0,2,0,0,2,0,0,1
0,2025-08-11,LN_299_2025.pdf,10.671402,-61.495613,-4,-8,-10,0,-3,-6,0,0,0
0,2025-08-10,LN_298_2025.pdf,10.652274,-61.394126,-2,-1,3,0,0,1,0,0,0
0,2025-08-07,LN_297_2025.pdf,10.732535,-61.567569,-2,0,0,0,-1,0,0,0,0
0,2025-08-07,LN_296_2025.pdf,10.73214,-61.552983,2,0,0,-1,-1,-1,0,0,0
0,2025-08-07,LN_295_2025.pdf,10.735611,-61.557068,1,0,1,-1,-1,0,0,0,0
0,2025-08-06,LN_294_2025.pdf,10.58815,-61.334932,0,-1,2,0,0,4,0,0,0
0,2025-08-02,LN_293_2025.pdf,10.664256,-61.490859,-6,-11,-13,-4,-8,-9,-1,-1,0
0,2025-08-02,LN_292_2025.pdf,10.654993,-61.503215,0,-9,-15,-3,-6,-11,0,-1,-1
0,2025-08-02,LN_291_2025.pdf,10.663323,-61.492626,-7,-12,-13,-5,-8,-9,-1,-1,0
0,2025-08-02,LN_290_2025.pdf,10.657871,-61.489299,-4,-14,-12,-3,-10,-9,-1,-2,1
0,2025-08-02,LN_289_2025.pdf,10.718474,-61.513671,-1,-1,0,0,0,-1,0,0,0
0,2025-08-02,LN_288_2025.pdf,10.66742,-61.497066,-4,-9,-14,-3,-7,-10,0,-1,-1
0,2025-08-01,LN_287_2025.pdf,10.652969,-61.186602,-1,-3,0,0,-2,-1,0,0,0
0,2025-07-31,LN_286_2025.pdf,10.659825,-61.49348,-4,-9,-11,-3,-6,-6,1,2,3
0,2025-07-31,LN_285_2025.pdf,10.659977,-61.49958,-5,-9,-11,-4,-5,-7,0,2,3
0,2025-08-06,LN_270_2025.pdf,10.446826,-61.443654,0,0,-1,0,0,-2,0,0,1
0,2025-08-06,LN_269_2025.pdf,10.339683,-61.455204,-1,-1,-4,-1,-1,-3,-1,-1,-2
0,2025-07-30,LN_268_2025.pdf,10.64334,-61.503809,0,-5,-12,0,-2,-6,0,1,4
0,2025-07-30,LN_267_2025.pdf,10.630759,-61.3973,0,-1,0,0,0,-1,0,0,-1
0,2025-07-30,LN_266_2025.pdf,10.443975,-61.409249,0,-2,-2,0,-2,-3,0,0,0
0,2025-07-26,LN_262_2025.pdf,10.655802,-61.501786,-3,-9,-13,-2,-3,-6,1,2,3
0,2025-07-26,LN_261_2025.pdf,10.645017,-61.443203,0,1,-1,0,2,2,0,0,1
0,2025-07-26,LN_260_2025.pdf,10.592088,-61.272704,-2,-2,-3,0,0,-1,0,0,1
0,2025-07-26,LN_259_2025.pdf,10.660052,-61.499651,-6,-11,-13,-4,-5,-6,0,2,3
0,2025-07-26,LN_258_2025.pdf,10.592878,-61.272193,-2,-2,-4,0,0,-1,0,0,1
0,2025-07-26,LN_257_2025.pdf,10.649215,-61.459277,0,0,-8,0,2,-3,0,1,2
0,2025-07-26,LN_256_2025.pdf,10.681237,-61.544758,-5,-6,-9,-4,-3,-3,0,0,1
0,2025-07-26,LN_255_2025.pdf,10.662136,-61.5006,-5,-11,-14,-3,-5,-7,0,2,3
0,2025-04-10,LN_143_2025.pdf,10.655802,-61.501786,0,6,4,1,3,4,0,0,0
0,2025-04-01,LN_118_2025.pdf,10.655017,-61.501637,-1,1,2,0,1,2,0,-1,0
0,2025-03-19,LN_107_2025.pdf,10.652104,-61.505637,0,0,-5,1,-2,-1,0,0,-1
0,2025-03-18,LN_103_2025.pdf,10.655802,-61.501786,-3,0,-5,-3,-2,-1,0,0,-1
0,2025-03-14,LN_97_2025.pdf,10.671402,-61.495613,-2,-4,-10,0,-2,-6,0,0,-3
0,2025-03-13,LN_96_2025.pdf,10.645537,-61.49163,1,-3,-5,-1,-4,-6,0,0,-2
0,2025-03-10,LN_94_2025.pdf,10.047124,-61.91362,0,0,0,0,0,0,0,0,0
0,2025-03-07,LN_92_2025.pdf,10.399076,-61.470217,0,-2,-6,0,0,-3,0,0,0
0,2025-03-04,LN_91_2025.pdf,10.646595,-61.263551,-1,-2,-4,-1,-1,-2,0,0,1
0,2025-03-04,LN_90_2025.pdf,10.646532,-61.260225,0,-2,-4,0,-1,-2,0,0,1
0,2025-03-04,LN_89_2025.pdf,10.6276,-61.27596,-1,-1,-6,0,0,-4,0,0,2
0,2025-03-04,LN_88_2025.pdf,10.651653,-61.267212,-1,-1,-4,-1,-1,-2,0,0,1
0,2025-03-04,LN_87_2025.pdf,10.646532,-61.260225,0,-2,-4,0,-1,-2,0,0,1
0,2025-03-03,LN_86_2025.pdf,10.645687,-61.482905,-1,-1,-8,-2,-4,-4,0,0,3
0,2025-03-03,LN_85_2025.pdf,10.652827,-61.501759,-5,-7,-8,-3,-5,-5,0,0,3
0,2025-03-03,LN_84_2025.pdf,10.606243,-61.131685,-1,-2,-2,-1,-3,-3,-1,-1,-1
0,2025-03-03,LN_83_2025.pdf,10.634552,-61.293977,-2,-2,-10,-2,-2,-3,0,0,2
0,2025-03-03,LN_82_2025.pdf,10.649306,-61.276054,0,-1,-6,0,-1,-3,0,0,0
0,2025-03-03,LN_81_2025.pdf,10.599569,-61.138755,-2,-2,-2,-2,-3,-3,-1,-1,-1
0,2025-02-27,LN_79_2025.pdf,10.652827,-61.501759,-5,-9,-11,-4,-6,-8,-1,-1,-1
0,2025-02-27,LN_78_2025.pdf,10.664347,-61.481855,1,-2,-13,-1,-2,-9,0,0,-1
0,2025-02-27,LN_77_2025.pdf,10.650796,-61.503154,-4,-8,-12,-3,-6,-9,-1,-1,-1
0,2025-02-26,LN_76_2025.pdf,10.642622,-61.348312,1,-1,1,0,-1,1,0,0,0
0,2025-02-24,LN_72_2025.pdf,10.194059,-61.540786,0,0,0,0,0,0,0,0,0
0,2025-02-24,LN_71_2025.pdf,10.642622,-61.348312,1,-1,1,0,-2,0,0,0,0
0,2025-02-24,LN_70_2025.pdf,10.642622,-61.348312,1,-1,1,0,-2,0,0,0,0
0,2025-02-21,LN_69_2025.pdf,10.681237,-61.544758,1,-3,-5,0,-3,-5,0,0,-1
0,2025-02-15,LN_61_2025.pdf,10.542556,-61.375767,0,1,-2,0,0,-4,0,0,0
0,2025-02-14,LN_60_2025.pdf,10.64823,-61.385824,1,1,2,0,0,-1,0,0,0
0,2025-02-12,LN_58_2025.pdf,10.671875,-61.496997,-3,-3,-7,-2,-2,-6,0,2,0
0,2025-02-12,LN_55_2025.pdf,10.223361,-61.53769,-1,-1,0,-1,-1,-1,0,0,0
0,2025-02-12,LN_54_2025.pdf,10.194059,-61.540786,0,0,0,0,0,-1,0,0,0
0,2025-02-07,LN_51_2025.pdf,10.648771,-61.391051,0,1,3,0,0,0,0,0,-1
0,2025-02-07,LN_50_2025.pdf,10.655968,-61.388824,0,1,3,0,0,0,0,0,-1
0,2025-02-06,LN_49_2025.pdf,10.645485,-61.480358,2,3,1,2,3,2,2,2,5
0,2025-02-05,LN_47_2025.pdf,10.525609,-61.384295,-2,-1,-4,-2,-2,-4,0,0,1
0,2025-02-05,LN_46_2025.pdf,10.549708,-61.375045,0,0,-3,0,0,-4,0,0,0
0,2025-02-05,LN_45_2025.pdf,10.592981,-61.130662,4,4,4,3,3,3,1,1,1
0,2025-02-05,LN_44_2025.pdf,10.525609,-61.384295,-2,-1,-4,-2,-2,-4,0,0,1
0,2025-02-05,LN_43_2025.pdf,10.519688,-61.387373,-2,-2,-6,-2,-3,-6,0,0,0
0,2025-02-05,LN_42_2025.pdf,10.535244,-61.380581,1,-1,-2,0,-2,-3,0,0,1
0,2025-02-05,LN_41_2025.pdf,10.655036,-61.388798,0,1,2,0,0,0,0,0,-1
0,2025-02-05,LN_40_2025.pdf,10.517394,-61.388756,-2,-3,-6,-2,-3,-6,0,0,0
0,2025-01-31,LN_35_2025.pdf,11.197785,-60.749314,0,1,-1,0,1,-1,0,0,0
0,2025-01-28,LN_25_2025.pdf,10.734005,-61.558786,1,2,1,1,1,-1,0,0,0
0,2025-01-28,LN_24_2025.pdf,10.665234,-61.505203,1,1,7,1,1,5,1,0,0
0,2025-01-28,LN_23_2025.pdf,10.664607,-61.502599,-1,1,5,-1,1,3,1,0,0
0,2025-01-23,LN_21_2025.pdf,10.601159,-61.132233,2,3,3,1,2,2,0,0,0
0,2025-01-17,LN_16_2025.pdf,10.651484,-61.503556,3,4,17,2,1,11,-1,-1,3
0,2025-12-29,LN_11_2026.pdf,10.650798,-61.461068,0,-2,-11,0,-1,-5,0,3,1
0,2025-12-29,LN_10_2026.pdf,11.220069,-60.713062,-1,-1,-4,0,0,-1,0,0,0
0,2025-12-01,LN_8_2026.pdf,10.222267,-61.629952,0,0,1,0,0,1,0,0,0
0,2025-12-01,LN_7_2026.pdf,10.222267,-61.629952,0,0,1,0,0,1,0,0,0
0,2025-11-05,LN_6_2026.pdf,10.656739,-61.433347,0,2,0,-1,1,-6,0,0,-2
0,2025-11-05,LN_5_2026.pdf,10.65557,-61.436415,-2,1,0,-2,0,-6,0,0,-2
